image: konkuk_map.png
resolution: 0.05
origin: [-143.94856199994683, -9.539854379196186, 0.0]
negate: 0
occupied_thresh: 0.65
free_thresh: 0.196
