image: map_filtered_rotated.png
resolution: 0.05
origin: [-27.1243405272253, -14.7536954155075, 0.0]
negate: 0
occupied_thresh: 0.65
free_thresh: 0.196
