image: map_final2.png
resolution: 0.05
origin: [-424.70922999997856, -270.235204000026, 0.0]
negate: 0
occupied_thresh: 0.65
free_thresh: 0.196
