image: map_7.png
resolution: 0.05
origin: [-1.0, -2.738500000035856, 0.0]
# origin: [-1.0, -2.738500000035856, -1.5707963267948966]
negate: 0
occupied_thresh: 0.65
free_thresh: 0.196
