image: map_filtered.png
resolution: 0.05
origin: [-6.871514767874032, -36.70839421421988, 0.0]
negate: 0
occupied_thresh: 0.65
free_thresh: 0.196
