image: map_filtered.png
resolution: 0.05
origin: [-2.98529463884188,-27.1243405272253, 0.0]
negate: 0
occupied_thresh: 0.65
free_thresh: 0.196
