image: testmap_B_rotated.png
resolution: 0.05
origin: [-6.871514766011387, -36.7083942142199, 0.0]
negate: 0
# mode: scale
occupied_thresh: 0.65
free_thresh: 0.196
