image: testmap_B.png
resolution: 0.05
origin: [-57.969170192896854, -6.871514766011387, 0.0]
negate: 0
# mode: scale
occupied_thresh: 0.65
free_thresh: 0.196
